{
 "cells": [
  {
   "cell_type": "markdown",
   "metadata": {},
   "source": [
    "### Problem Statement\n",
    "\n",
    "Starting from 'IKinBody' in the MR code library, write a new function, `IKinBodyIterates`. This function prints out a report for each interation of the Newton-Raphson process, for iterates 0 (the initial guess) to the final answer. Each iteration reports the iteration number _i_, the joint vector $ \\theta^i $, the end-effector configuration $T_{sb}(\\theta^i)$. the error twist $\\Upsilon_b$, and the angular and linear error ||$\\omega_b$|| and ||$\\upsilon_b$|| (something like the able at the end of Chapter 6.2.2). For a four-joint robot, a typical iterate might look like:\n",
    "\n",
    "\n",
    "`Iteration 3:`\n",
    "\n",
    "`joint vector:`\n",
    "`0.221, 0.375, 2.233, 1.414`\n",
    "\n",
    "`SE(3) end-effector config:`\n",
    "`1.000  0.000  0.000  3.275`\n",
    "`0.000  1.000  0.000  4.162`\n",
    "`0.000  0.000  1.000 -5.732`\n",
    "`    0      0      0      1` \n",
    "\n",
    "`          error twist V_b: (0.232, 0.171, 0.211, 0.345, 1.367, -0.222)`\n",
    "`angular error ||omega_b||:  0.357`\n",
    "`linear error ||v_b||: 1.427`\n",
    "\n",
    "The function should also save the joint vector of each iteration as a row in a matrix."
   ]
  },
  {
   "cell_type": "markdown",
   "metadata": {},
   "source": [
    "### Approach\n",
    "This problem asks us to build off of the modern_robotics function `IKinBody` so the first step should be to read the documentation to source this function and understand how it works. The code is then commented for understandibility, and tested to make sure that the porting process of the function does not affect its performance from a native Python setting to a Jupyter notebook. "
   ]
  },
  {
   "cell_type": "code",
   "execution_count": 1,
   "metadata": {},
   "outputs": [],
   "source": [
    "#import necessary packages\n",
    "import modern_robotics as mr \n",
    "import matplotlib.pyplot as plt\n",
    "import numpy as np "
   ]
  },
  {
   "cell_type": "code",
   "execution_count": 2,
   "metadata": {},
   "outputs": [],
   "source": [
    "#our starting point for this function should be IKinBody\n",
    "def IKinBody(Blist, M, T, thetalist0, eomg, ev):\n",
    "    \"\"\"Computes inverse kinematics in the body frame for an open chain robot\n",
    "\n",
    "    :param Blist: The joint screw axes in the end-effector frame when the\n",
    "                  manipulator is at the home position, in the format of a\n",
    "                  matrix with axes as the columns\n",
    "    :param M: The home configuration of the end-effector\n",
    "    :param T: The desired end-effector configuration Tsd\n",
    "    :param thetalist0: An initial guess of joint angles that are close to\n",
    "                       satisfying Tsd\n",
    "    :param eomg: A small positive tolerance on the end-effector orientation\n",
    "                 error. The returned joint angles must give an end-effector\n",
    "                 orientation error less than eomg\n",
    "    :param ev: A small positive tolerance on the end-effector linear position\n",
    "               error. The returned joint angles must give an end-effector\n",
    "               position error less than ev\n",
    "    :return thetalist: Joint angles that achieve T within the specified\n",
    "                       tolerances,\n",
    "    :return success: A logical value where TRUE means that the function found\n",
    "                     a solution and FALSE means that it ran through the set\n",
    "                     number of maximum iterations without finding a solution\n",
    "                     within the tolerances eomg and ev.\n",
    "    Uses an iterative Newton-Raphson root-finding method.\n",
    "    The maximum number of iterations before the algorithm is terminated has\n",
    "    been hardcoded in as a variable called maxiterations. It is set to 20 at\n",
    "    the start of the function, but can be changed if needed.\n",
    "\n",
    "    Example Input:\n",
    "        Blist = np.array([[0, 0, -1, 2, 0,   0],\n",
    "                          [0, 0,  0, 0, 1,   0],\n",
    "                          [0, 0,  1, 0, 0, 0.1]]).T\n",
    "        M = np.array([[-1, 0,  0, 0],\n",
    "                      [ 0, 1,  0, 6],\n",
    "                      [ 0, 0, -1, 2],\n",
    "                      [ 0, 0,  0, 1]])\n",
    "        T = np.array([[0, 1,  0,     -5],\n",
    "                      [1, 0,  0,      4],\n",
    "                      [0, 0, -1, 1.6858],\n",
    "                      [0, 0,  0,      1]])\n",
    "        thetalist0 = np.array([1.5, 2.5, 3])\n",
    "        eomg = 0.01\n",
    "        ev = 0.001\n",
    "    Output:\n",
    "        (np.array([1.57073819, 2.999667, 3.14153913]), True)\n",
    "    \"\"\"\n",
    "\n",
    "    #Make an np.array copy of the input thetatlist. Perhaps for flexibility to permit lists an input entries? \n",
    "    thetalist = np.array(thetalist0).copy()\n",
    "\n",
    "    #Initialize the counter variable\n",
    "    i = 0\n",
    "\n",
    "    #Hardcode the number of iterations that we want to do. Should probably make this an input variable. \n",
    "    maxiterations = 20\n",
    "\n",
    "    #This is the error twist. \n",
    "    Vb = mr.se3ToVec(mr.MatrixLog6(np.dot(mr.TransInv(mr.FKinBody(M, Blist, thetalist)), T)))\n",
    "\n",
    "    #Evaluates true if either of them is larger than the specified tolerance limit. \n",
    "    err = np.linalg.norm([Vb[0], Vb[1], Vb[2]]) > eomg or np.linalg.norm([Vb[3], Vb[4], Vb[5]]) > ev\n",
    "  \n",
    "  \n",
    "    while err and i < maxiterations:\n",
    "\n",
    "        #This updates the thetalist from \n",
    "        thetalist = thetalist + np.dot(np.linalg.pinv(mr.JacobianBody(Blist, thetalist)), Vb)\n",
    "\n",
    "        #update our iteration. Mainly used to make sure that we are under the maxiteration limit. \n",
    "        i = i + 1\n",
    "\n",
    "        #Re-evaluate the error twist. \n",
    "        Vb = mr.se3ToVec(mr.MatrixLog6(np.dot(mr.TransInv(mr.FKinBody(M, Blist, thetalist)), T)))\n",
    "\n",
    "        #Re-evaluates the truthfulness of this statement to see if the function is meeting tolerances. \n",
    "        err = np.linalg.norm([Vb[0], Vb[1], Vb[2]]) > eomg or np.linalg.norm([Vb[3], Vb[4], Vb[5]]) > ev\n",
    "\n",
    "    #Returns the final thetalist at the end position, as well if we met the tolerances that we were given. \n",
    "    return (thetalist, not err)"
   ]
  },
  {
   "cell_type": "code",
   "execution_count": 3,
   "metadata": {},
   "outputs": [
    {
     "name": "stdout",
     "output_type": "stream",
     "text": [
      "(array([1.57073819, 2.999667  , 3.14153913]), True)\n",
      "(array([1.57073819, 2.999667  , 3.14153913]), True)\n"
     ]
    }
   ],
   "source": [
    "#To test the code, we use the example case in the code documentation. \n",
    "Blist = np.array([[0, 0, -1, 2, 0,   0],\n",
    "                  [0, 0,  0, 0, 1,   0],\n",
    "                  [0, 0,  1, 0, 0, 0.1]]).T\n",
    "\n",
    "M = np.array([[-1, 0,  0, 0],\n",
    "              [ 0, 1,  0, 6],\n",
    "              [ 0, 0, -1, 2],\n",
    "              [ 0, 0,  0, 1]])\n",
    "\n",
    "T = np.array([[0, 1,  0,     -5],\n",
    "              [1, 0,  0,      4],\n",
    "              [0, 0, -1, 1.6858],\n",
    "              [0, 0,  0,      1]])\n",
    "\n",
    "thetalist0 = np.array([1.5, 2.5, 3])\n",
    "eomg = 0.01\n",
    "ev = 0.001      \n",
    "\n",
    "expectedans = (np.array([1.57073819, 2.999667, 3.14153913]), True)\n",
    "\n",
    "#Easier evaluation would be using the equality operator but precision issues render the first half of the code dissimilar.\n",
    "print(expectedans)\n",
    "print(IKinBody(Blist, M, T, thetalist0, eomg, ev))\n"
   ]
  },
  {
   "cell_type": "code",
   "execution_count": 56,
   "metadata": {},
   "outputs": [],
   "source": [
    "#Completing the assignment as specified.\n",
    "def IKinBodyIterates(Blist, M, T, thetalist0, eomg, ev):\n",
    "    \"\"\"Computes inverse kinematics in the body frame for an open chain robot\n",
    "\n",
    "    :param Blist: The joint screw axes in the end-effector frame when the\n",
    "                  manipulator is at the home position, in the format of a\n",
    "                  matrix with axes as the columns\n",
    "    :param M: The home configuration of the end-effector\n",
    "    :param T: The desired end-effector configuration Tsd\n",
    "    :param thetalist0: An initial guess of joint angles that are close to\n",
    "                       satisfying Tsd\n",
    "    :param eomg: A small positive tolerance on the end-effector orientation\n",
    "                 error. The returned joint angles must give an end-effector\n",
    "                 orientation error less than eomg\n",
    "    :param ev: A small positive tolerance on the end-effector linear position\n",
    "               error. The returned joint angles must give an end-effector\n",
    "               position error less than ev\n",
    "    :return thetalist: Joint angles that achieve T within the specified\n",
    "                       tolerances,\n",
    "    :return success: A logical value where TRUE means that the function found\n",
    "                     a solution and FALSE means that it ran through the set\n",
    "                     number of maximum iterations without finding a solution\n",
    "                     within the tolerances eomg and ev.\n",
    "    Uses an iterative Newton-Raphson root-finding method.\n",
    "    The maximum number of iterations before the algorithm is terminated has\n",
    "    been hardcoded in as a variable called maxiterations. It is set to 20 at\n",
    "    the start of the function, but can be changed if needed.\n",
    "\n",
    "    Example Input:\n",
    "        Blist = np.array([[0, 0, -1, 2, 0,   0],\n",
    "                          [0, 0,  0, 0, 1,   0],\n",
    "                          [0, 0,  1, 0, 0, 0.1]]).T\n",
    "        M = np.array([[-1, 0,  0, 0],\n",
    "                      [ 0, 1,  0, 6],\n",
    "                      [ 0, 0, -1, 2],\n",
    "                      [ 0, 0,  0, 1]])\n",
    "        T = np.array([[0, 1,  0,     -5],\n",
    "                      [1, 0,  0,      4],\n",
    "                      [0, 0, -1, 1.6858],\n",
    "                      [0, 0,  0,      1]])\n",
    "        thetalist0 = np.array([1.5, 2.5, 3])\n",
    "        eomg = 0.01\n",
    "        ev = 0.001\n",
    "    Output:\n",
    "        (np.array([1.57073819, 2.999667, 3.14153913]), True)\n",
    "    \"\"\"\n",
    "\n",
    "    #Make an np.array copy of the input thetatlist. Perhaps for flexibility to permit lists an input entries? \n",
    "    thetalist = np.array(thetalist0).copy()\n",
    "\n",
    "    #create a global list of all the theta vector iterates. The initial guess will be initialized into the array.\n",
    "    thetaEval = np.array(thetalist0[None, :])\n",
    "\n",
    "    #Initialize the counter variable\n",
    "    i = 0\n",
    "\n",
    "    #Hardcode the number of iterations that we want to do. Should probably make this an input variable. \n",
    "    maxiterations = 20\n",
    "\n",
    "    #This is the error twist. \n",
    "    Vb = mr.se3ToVec(mr.MatrixLog6(np.dot(mr.TransInv(mr.FKinBody(M, Blist, thetalist)), T)))\n",
    "\n",
    "    #Evaluates true if either of them is larger than the specified tolerance limit. \n",
    "    err = np.linalg.norm([Vb[0], Vb[1], Vb[2]]) > eomg or np.linalg.norm([Vb[3], Vb[4], Vb[5]]) > ev\n",
    "    errAcc = np.array([np.linalg.norm([Vb[0], Vb[1], Vb[2]]),np.linalg.norm([Vb[3], Vb[4], Vb[5]])]).reshape(1,2)\n",
    "  \n",
    "  \n",
    "    while err and i < maxiterations:\n",
    "\n",
    "        #This updates the thetalist and adds it to the global thetalist.\n",
    "        thetalist = thetalist + np.dot(np.linalg.pinv(mr.JacobianBody(Blist, thetalist)), Vb)\n",
    "        thetaEval = np.concatenate((thetaEval, thetalist[None, :]), axis = 0)\n",
    "\n",
    "        #update our iteration. Mainly used to make sure that we are under the maxiteration limit. \n",
    "        i = i + 1\n",
    "\n",
    "        #Re-evaluate the error twist. \n",
    "        Vb = mr.se3ToVec(mr.MatrixLog6(np.dot(mr.TransInv(mr.FKinBody(M, Blist, thetalist)), T)))\n",
    "\n",
    "        #Re-evaluates the truthfulness of this statement to see if the function is meeting tolerances. \n",
    "        err = np.linalg.norm([Vb[0], Vb[1], Vb[2]]) > eomg or np.linalg.norm([Vb[3], Vb[4], Vb[5]]) > ev\n",
    "        errAcc = np.concatenate((errAcc, np.array([np.linalg.norm([Vb[0], Vb[1], Vb[2]]),np.linalg.norm([Vb[3], Vb[4], Vb[5]])]).reshape(1,2)), axis = 0)\n",
    "\n",
    "        #Print the iteration that we are on. \n",
    "        iterStr = f\"Iteration: {i} \\n\\r\"\n",
    "        jointVec = f\"joint vector: \\n\\r {thetalist} \\n\\n\\r\"\n",
    "        endEffec = f\"SE(3) end-effector config: \\n\\r {mr.FKinBody(M, Blist, thetalist)} \\n\\n\\r\"\n",
    "        errTwist = f\"error twist V_b: {Vb} \\n\\r\"\n",
    "        angError = f\"angular error ||omega_b||: {np.linalg.norm([Vb[0], Vb[1], Vb[2]])} \\n\\r\"\n",
    "        linError = f\"linear error ||v_b||: {np.linalg.norm([Vb[3], Vb[4], Vb[5]])}\\n\\r\"\n",
    "\n",
    "        print(iterStr, jointVec, endEffec, errTwist, angError, linError)\n",
    "\n",
    "    #Save the final thetaEval evolution matrix. \n",
    "    np.savetxt('thetaEvolution' + f'{i}'+'.csv', thetaEval, delimiter=',')\n",
    "\n",
    "    #Returns the final thetalist at the end position, as well if we met the tolerances that we were given. \n",
    "    return (errAcc, thetaEval, thetalist, not err)"
   ]
  },
  {
   "cell_type": "code",
   "execution_count": 60,
   "metadata": {},
   "outputs": [],
   "source": [
    "#Easier evaluation would be using the equality operator but precision issues render the first half of the code dissimilar.\n",
    "# print(IKinBodyIterates(Blist, M, T, thetalist0, eomg, ev))\n",
    "# print(expectedans)                                                             "
   ]
  },
  {
   "cell_type": "code",
   "execution_count": 61,
   "metadata": {},
   "outputs": [
    {
     "name": "stdout",
     "output_type": "stream",
     "text": [
      "Iteration: 1 \n",
      " joint vector: \n",
      " [-5.17853868  2.98496164 -4.83238996 -1.30941287  2.79673719  3.1491369 ] \n",
      "\n",
      " SE(3) end-effector config: \n",
      " [[ 0.72485836 -0.01232199  0.68878772 -0.27833773]\n",
      " [ 0.68854996 -0.01881614 -0.72494476 -0.48239567]\n",
      " [ 0.02189309  0.99974703 -0.00515473  0.4943664 ]\n",
      " [ 0.          0.          0.          1.        ]] \n",
      "\n",
      " error twist V_b: [-0.00487433  0.0256252  -0.02195976 -0.02773804  0.00593166 -0.00252772] \n",
      " angular error ||omega_b||: 0.03409752319315265 \n",
      " linear error ||v_b||: 0.02847758455208408\n",
      "\n",
      "Iteration: 2 \n",
      " joint vector: \n",
      " [-5.20216168  3.01629094 -4.94107537 -1.21806957  2.84594514  3.14021905] \n",
      "\n",
      " SE(3) end-effector config: \n",
      " [[ 7.07122160e-01  3.77939056e-04  7.07091301e-01 -3.00547132e-01]\n",
      " [ 7.07091382e-01 -1.41795953e-04 -7.07122166e-01 -4.98818973e-01]\n",
      " [-1.66986399e-04  9.99999919e-01 -3.67504510e-04  4.98550913e-01]\n",
      " [ 0.00000000e+00  0.00000000e+00  0.00000000e+00  1.00000000e+00]] \n",
      "\n",
      " error twist V_b: [-3.67505752e-04  2.17941718e-05  1.66982132e-04 -4.48339091e-04\n",
      "  1.44927416e-03  1.22173193e-03] \n",
      " angular error ||omega_b||: 0.0004042505363714445 \n",
      " linear error ||v_b||: 0.0019478276248547169\n",
      "\n",
      "Iteration: 3 \n",
      " joint vector: \n",
      " [-5.20030011  3.02009524 -4.94624511 -1.21543518  2.84410587  3.14160061] \n",
      "\n",
      " SE(3) end-effector config: \n",
      " [[ 7.07106602e-01 -2.06075535e-06  7.07106961e-01 -2.99996660e-01]\n",
      " [ 7.07106961e-01  1.09358426e-06 -7.07106602e-01 -4.99997030e-01]\n",
      " [ 6.83892671e-07  1.00000000e+00  2.23045510e-06  4.99999957e-01]\n",
      " [ 0.00000000e+00  0.00000000e+00  0.00000000e+00  1.00000000e+00]] \n",
      "\n",
      " error twist V_b: [ 2.23045145e-06 -2.53732693e-07 -6.83891861e-07 -4.46185858e-06\n",
      "  4.27590655e-08 -2.61573144e-07] \n",
      " angular error ||omega_b||: 2.346700243975018e-06 \n",
      " linear error ||v_b||: 4.4697238009498624e-06\n",
      "\n",
      "\n",
      "\n",
      "Start of the new guess.\n",
      "\n",
      "\n",
      "Iteration: 1 \n",
      " joint vector: \n",
      " [-2.02339981 -0.88084186  0.54501991  1.86016771  0.3327399  -1.52434575] \n",
      "\n",
      " SE(3) end-effector config: \n",
      " [[ 0.45089639  0.29231623  0.84335264 -0.07146743]\n",
      " [ 0.89257267 -0.14497359 -0.42696216 -0.57344862]\n",
      " [-0.00254411  0.94526921 -0.32628155  0.51480734]\n",
      " [ 0.          0.          0.          1.        ]] \n",
      "\n",
      " error twist V_b: [-0.32915429 -0.31426302  0.0552813  -0.07456784 -0.05348166 -0.22444066] \n",
      " angular error ||omega_b||: 0.4584319072404943 \n",
      " linear error ||v_b||: 0.24247527513223988\n",
      "\n",
      "Iteration: 2 \n",
      " joint vector: \n",
      " [-2.46158725e+00 -9.27777240e-01  6.99923094e-01  2.01089505e+00\n",
      " -1.81364749e-03 -1.85654290e+00] \n",
      "\n",
      " SE(3) end-effector config: \n",
      " [[ 0.77579122  0.05600753  0.62849912 -0.30279432]\n",
      " [ 0.62670187  0.04752951 -0.77780827 -0.49049787]\n",
      " [-0.07343538  0.9972984   0.00177295  0.53782841]\n",
      " [ 0.          0.          0.          1.        ]] \n",
      "\n",
      " error twist V_b: [-0.00211679  0.10579162  0.07352673 -0.00288535 -0.03797079  0.00895326] \n",
      " angular error ||omega_b||: 0.1288507971456155 \n",
      " linear error ||v_b||: 0.03911862899316252\n",
      "\n",
      "Iteration: 3 \n",
      " joint vector: \n",
      " [-2.44501294e+00  6.10065757e+00 -2.24394706e+01 -2.92392104e+01\n",
      "  2.24838289e-02  4.55779409e+01] \n",
      "\n",
      " SE(3) end-effector config: \n",
      " [[ 7.66682622e-01 -1.43614286e-02  6.41865645e-01 -2.80490084e-02]\n",
      " [ 6.42026284e-01  1.72881629e-02 -7.66487684e-01 -2.72443623e-01]\n",
      " [-8.88197308e-05  9.99747402e-01  2.24749487e-02 -6.08585236e-02]\n",
      " [ 0.00000000e+00  0.00000000e+00  0.00000000e+00  1.00000000e+00]] \n",
      "\n",
      " error twist V_b: [ 0.02245829  0.08825461  0.00108065 -0.35457143  0.56093795 -0.00948212] \n",
      " angular error ||omega_b||: 0.09107369652089087 \n",
      " linear error ||v_b||: 0.6636732561724945\n",
      "\n",
      "Iteration: 4 \n",
      " joint vector: \n",
      " [-2.55667572e+00  5.38506497e+00 -2.35659414e+01 -3.63103128e+01\n",
      "  5.00859865e-03  5.44924442e+01] \n",
      "\n",
      " SE(3) end-effector config: \n",
      " [[ 0.83246472  0.00140395  0.55407627 -0.30160705]\n",
      " [ 0.55407661 -0.00438353 -0.83245414 -0.42881187]\n",
      " [ 0.00126009  0.99998941 -0.00442703  0.22246431]\n",
      " [ 0.          0.          0.          1.        ]] \n",
      "\n",
      " error twist V_b: [-0.00428771  0.19813988 -0.00169456 -0.04372505  0.27768928  0.05557699] \n",
      " angular error ||omega_b||: 0.1981935142317981 \n",
      " linear error ||v_b||: 0.2865519468371759\n",
      "\n",
      "Iteration: 5 \n",
      " joint vector: \n",
      " [-2.44008524e+00  5.71492126e+00 -2.10360831e+01 -2.43557053e+01\n",
      "  3.91366911e-02  3.96771295e+01] \n",
      "\n",
      " SE(3) end-effector config: \n",
      " [[ 7.53777518e-01 -2.35992527e-02  6.56705816e-01  6.12465210e-02]\n",
      " [ 6.57129708e-01  2.70947390e-02 -7.53290397e-01 -1.98215018e-01]\n",
      " [-1.61822444e-05  9.99354267e-01  3.59311751e-02  5.06144674e-01]\n",
      " [ 0.00000000e+00  0.00000000e+00  0.00000000e+00  1.00000000e+00]] \n",
      "\n",
      " error twist V_b: [ 0.03592429  0.06838554  0.00124516 -0.47008654 -0.00577696 -0.02610597] \n",
      " angular error ||omega_b||: 0.07725727753028006 \n",
      " linear error ||v_b||: 0.47084631176045216\n",
      "\n",
      "Iteration: 6 \n",
      " joint vector: \n",
      " [ -2.66594647   8.3424449  -22.82739634 -32.4574783    0.1226349\n",
      "  46.94648915] \n",
      "\n",
      " SE(3) end-effector config: \n",
      " [[ 0.82738945 -0.01465281  0.56143743  0.37678013]\n",
      " [ 0.561622    0.01673534 -0.82722467 -0.02008065]\n",
      " [ 0.00272532  0.99975258  0.02207598  0.17748305]\n",
      " [ 0.          0.          0.          1.        ]] \n",
      "\n",
      " error twist V_b: [ 2.22696206e-02  1.89071837e-01 -6.30182001e-04 -8.28416585e-01\n",
      "  3.24025515e-01 -5.78690918e-02] \n",
      " angular error ||omega_b||: 0.1903798642274439 \n",
      " linear error ||v_b||: 0.8914120285458559\n",
      "\n",
      "Iteration: 7 \n",
      " joint vector: \n",
      " [ -2.78353592   8.30706381 -20.40765664 -35.46595895   0.42046822\n",
      "  47.56788958] \n",
      "\n",
      " SE(3) end-effector config: \n",
      " [[ 0.74082975  0.09186016  0.66538184 -0.02291543]\n",
      " [ 0.67077878 -0.1528394  -0.72573821 -0.20488216]\n",
      " [ 0.03503014  0.98397247 -0.17484582 -0.3976666 ]\n",
      " [ 0.          0.          0.          1.        ]] \n",
      "\n",
      " error twist V_b: [-0.17493524  0.04637027 -0.03929866 -0.38714916  0.90459784 -0.0567877 ] \n",
      " angular error ||omega_b||: 0.18519428922814188 \n",
      " linear error ||v_b||: 0.9855995934385471\n",
      "\n",
      "Iteration: 8 \n",
      " joint vector: \n",
      " [ -0.7726466    7.81630329 -22.84109623 -34.03234409  -1.42987082\n",
      "  49.2409387 ] \n",
      "\n",
      " SE(3) end-effector config: \n",
      " [[-0.94966086 -0.27319203 -0.15333092 -0.2063326 ]\n",
      " [ 0.20746091 -0.91515245  0.34562402  0.36944177]\n",
      " [-0.2347429   0.29641543  0.92576113 -0.04601784]\n",
      " [ 0.          0.          0.          1.        ]] \n",
      "\n",
      " error twist V_b: [ 0.9564801  -1.93426455 -1.22752161 -0.69712669  0.81748496  0.10823656] \n",
      " angular error ||omega_b||: 2.482547646663577 \n",
      " linear error ||v_b||: 1.079806671408536\n",
      "\n",
      "Iteration: 9 \n",
      " joint vector: \n",
      " [  0.46332357   6.16817418 -20.04989231 -33.84399044   0.83048261\n",
      "  46.68219217] \n",
      "\n",
      " SE(3) end-effector config: \n",
      " [[ 0.06511965 -0.52942914 -0.84585118  0.30010139]\n",
      " [-0.71352657 -0.61727917  0.33143062  0.33360424]\n",
      " [-0.69759535  0.58195465 -0.41795876  0.56108821]\n",
      " [ 0.          0.          0.          1.        ]] \n",
      "\n",
      " error twist V_b: [-1.19930444  2.28412498 -0.28289547 -0.30519694  0.44246717  1.22694416] \n",
      " angular error ||omega_b||: 2.595301121219606 \n",
      " linear error ||v_b||: 1.3395201955290696\n",
      "\n",
      "Iteration: 10 \n",
      " joint vector: \n",
      " [  2.70456859   6.31175763 -21.66882176 -33.38194436   1.56059167\n",
      "  48.01953529] \n",
      "\n",
      " SE(3) end-effector config: \n",
      " [[ 0.97081716  0.23566353 -0.0444605  -0.01517579]\n",
      " [ 0.23629727 -0.9716343   0.00950669 -0.11414122]\n",
      " [-0.04095896 -0.01973516 -0.99896591  0.12548094]\n",
      " [ 0.          0.          0.          1.        ]] \n",
      "\n",
      " error twist V_b: [-1.55802862  0.45757001 -0.40320194 -0.38639638  0.46933606 -0.16041074] \n",
      " angular error ||omega_b||: 1.6731393566589854 \n",
      " linear error ||v_b||: 0.6287369146385277\n",
      "\n",
      "Iteration: 11 \n",
      " joint vector: \n",
      " [-1.11703871e+01 -3.50653156e+00 -2.30969484e+01 -2.06630280e+01\n",
      "  1.55933863e-02  3.37406995e+01] \n",
      "\n",
      " SE(3) end-effector config: \n",
      " [[-0.08930331 -0.13121209 -0.98732381 -0.2528872 ]\n",
      " [-0.56700786 -0.80827922  0.15870344 -0.33372632]\n",
      " [-0.81885713  0.5739931  -0.00221628  0.42121394]\n",
      " [ 0.          0.          0.          1.        ]] \n",
      "\n",
      " error twist V_b: [-1.18189807  2.26983182  0.3797611  -0.01828419  0.13354509  0.16965001] \n",
      " angular error ||omega_b||: 2.5871292998589057 \n",
      " linear error ||v_b||: 0.21667885743998458\n",
      "\n",
      "Iteration: 12 \n",
      " joint vector: \n",
      " [-1.16319232e+01  1.13680711e-03 -1.30922733e+01 -8.41981056e+01\n",
      "  2.88781232e+00  8.41360905e+01] \n",
      "\n",
      " SE(3) end-effector config: \n",
      " [[ 0.56100223  0.53693783  0.63005893  0.42380975]\n",
      " [ 0.43258993  0.45877018 -0.77614166  0.62343496]\n",
      " [-0.70579207  0.70797435  0.02509719  0.38149505]\n",
      " [ 0.          0.          0.          1.        ]] \n",
      "\n",
      " error twist V_b: [-0.01678841  0.10798797  0.78439572 -1.26878349 -0.39534127  0.35412056] \n",
      " angular error ||omega_b||: 0.791972159476296 \n",
      " linear error ||v_b||: 1.375320923588883\n",
      "\n",
      "Iteration: 13 \n",
      " joint vector: \n",
      " [-11.67275427   3.46326365 -22.7421764  -78.21565056   3.02258254\n",
      "  84.72276612] \n",
      "\n",
      " SE(3) end-effector config: \n",
      " [[ 0.71427099  0.00571319  0.69984592 -0.06312432]\n",
      " [ 0.69985654 -0.01185522 -0.71418504 -0.03449657]\n",
      " [ 0.00421655  0.9999134  -0.01246625  0.48000153]\n",
      " [ 0.          0.          0.          1.        ]] \n",
      "\n",
      " error twist V_b: [-0.01244505  0.01016633 -0.00428    -0.49578691  0.02207165  0.16405866] \n",
      " angular error ||omega_b||: 0.016629845959734654 \n",
      " linear error ||v_b||: 0.5226921303845422\n",
      "\n",
      "Iteration: 14 \n",
      " joint vector: \n",
      " [ -9.83188413   1.97782226 -22.93667436 -74.8235467    1.20324842\n",
      "  86.44148864] \n",
      "\n",
      " SE(3) end-effector config: \n",
      " [[-0.93367275 -0.31341977 -0.1732722   0.19455827]\n",
      " [ 0.35414681 -0.87997002 -0.31659564 -0.23468137]\n",
      " [-0.05324701 -0.35696051  0.93260064  0.10828248]\n",
      " [ 0.          0.          0.          1.        ]] \n",
      "\n",
      " error twist V_b: [ 1.22724765 -1.30161871 -1.8238224   0.15447288  0.84761993 -0.02197154] \n",
      " angular error ||omega_b||: 2.5547360330777065 \n",
      " linear error ||v_b||: 0.8618608733186067\n",
      "\n",
      "Iteration: 15 \n",
      " joint vector: \n",
      " [-13.06734249   0.67658656 -23.61749944 -75.41696217   2.37412817\n",
      "  88.56049799] \n",
      "\n",
      " SE(3) end-effector config: \n",
      " [[ 0.38567296  0.61175733 -0.69065863  0.01764432]\n",
      " [ 0.44396831 -0.77925995 -0.44231897  0.0473285 ]\n",
      " [-0.80879448 -0.13604008 -0.57214036 -0.48900736]\n",
      " [ 0.          0.          0.          1.        ]] \n",
      "\n",
      " error twist V_b: [-1.62064587  0.79161713  0.71916033 -0.97054656  0.70183811 -0.3303169 ] \n",
      " angular error ||omega_b||: 1.9417369299051932 \n",
      " linear error ||v_b||: 1.242435758326481\n",
      "\n",
      "Iteration: 16 \n",
      " joint vector: \n",
      " [ -36.22760837   -3.39549642  -13.62858375 -103.6876198    15.74962788\n",
      "   59.94128172] \n",
      "\n",
      " SE(3) end-effector config: \n",
      " [[-0.03899817  0.10941352  0.993231   -0.06843926]\n",
      " [ 0.01554582  0.99393328 -0.10888049 -0.41391198]\n",
      " [-0.99911835  0.01119445 -0.0404625  -0.42297344]\n",
      " [ 0.          0.          0.          1.        ]] \n",
      "\n",
      " error twist V_b: [ 0.49575588 -0.5626307   1.50790411 -0.86988423  0.58863409 -0.01546722] \n",
      " angular error ||omega_b||: 1.684073040315099 \n",
      " linear error ||v_b||: 1.0504417585390808\n",
      "\n",
      "Iteration: 17 \n",
      " joint vector: \n",
      " [-36.16947028   3.35051169 -24.88866064 -82.93444689  15.34157089\n",
      "  77.67654935] \n",
      "\n",
      " SE(3) end-effector config: \n",
      " [[ 0.27247446  0.27318226  0.92256659 -0.06766823]\n",
      " [ 0.95754703  0.01681911 -0.28778604 -0.85477791]\n",
      " [-0.09413479  0.96181525 -0.25700209  0.39382096]\n",
      " [ 0.          0.          0.          1.        ]] \n",
      "\n",
      " error twist V_b: [-0.23132037 -0.49257476  0.15791366  0.18078943  0.0678333  -0.39676171] \n",
      " angular error ||omega_b||: 0.5666354523346967 \n",
      " linear error ||v_b||: 0.44125506195527703\n",
      "\n",
      "Iteration: 18 \n",
      " joint vector: \n",
      " [-36.53488384   1.71795891 -21.11789551 -84.29122465  15.45179051\n",
      "  78.47011849] \n",
      "\n",
      " SE(3) end-effector config: \n",
      " [[ 0.61423242  0.03550565  0.788326    0.07131236]\n",
      " [ 0.78743124  0.03784353 -0.61523971  0.2406696 ]\n",
      " [-0.05167753  0.9986527  -0.00471353 -0.03178857]\n",
      " [ 0.          0.          0.          1.        ]] \n",
      "\n",
      " error twist V_b: [-0.00153475 -0.12279298  0.05192524 -0.81496044  0.51130398  0.21188511] \n",
      " angular error ||omega_b||: 0.1333292978904107 \n",
      " linear error ||v_b||: 0.9851332785224383\n",
      "\n",
      "Iteration: 19 \n",
      " joint vector: \n",
      " [-36.57392626   2.96355949 -23.780376   -82.83732558  15.36843821\n",
      "  78.55767081] \n",
      "\n",
      " SE(3) end-effector config: \n",
      " [[ 7.06881372e-01 -4.68427817e-03  7.07316608e-01 -2.85129201e-01]\n",
      " [ 7.07331949e-01  3.98849136e-03 -7.06870289e-01 -5.23433327e-01]\n",
      " [ 4.90050887e-04  9.99981075e-01  6.13272985e-03  4.70815141e-01]\n",
      " [ 0.00000000e+00  0.00000000e+00  0.00000000e+00  1.00000000e+00]] \n",
      "\n",
      " error twist V_b: [ 0.00613268 -0.0003171  -0.00049103  0.00606608  0.02926633 -0.02699457] \n",
      " angular error ||omega_b||: 0.006160473616610147 \n",
      " linear error ||v_b||: 0.04027434015232812\n",
      "\n",
      "Iteration: 20 \n",
      " joint vector: \n",
      " [-36.61548577   3.01834043 -23.79113546 -82.89760869  15.40978311\n",
      "  78.54210136] \n",
      "\n",
      " SE(3) end-effector config: \n",
      " [[ 7.07072439e-01 -6.07399544e-04  7.07140861e-01 -2.99027201e-01]\n",
      " [ 7.07141086e-01  2.87444409e-04 -7.07072416e-01 -4.99052913e-01]\n",
      " [ 2.26211777e-04  9.99999774e-01  6.32761192e-04  4.99706653e-01]\n",
      " [ 0.00000000e+00  0.00000000e+00  0.00000000e+00  1.00000000e+00]] \n",
      "\n",
      " error twist V_b: [ 6.32754746e-04 -4.84691286e-05 -2.26226767e-04 -1.35753077e-03\n",
      "  2.93506108e-04 -1.81214263e-05] \n",
      " angular error ||omega_b||: 0.0006737257421771916 \n",
      " linear error ||v_b||: 0.0013890154873075176\n",
      "\n"
     ]
    }
   ],
   "source": [
    "#Define the necessary variables. \n",
    "L1 = 0.425\n",
    "L2 = 0.392\n",
    "H1 = 0.089\n",
    "H2 = 0.095\n",
    "W1 = 0.109\n",
    "W2 = 0.082\n",
    "\n",
    "Blist = np.array([[0,  1,  0, W1 + W2,        0, L1 + L2],\n",
    "                  [0,  0,  1,      H2, -L1 - L2,       0],\n",
    "                  [0,  0,  1,      H2,      -L2,       0],\n",
    "                  [0,  0,  1,      H2,        0,       0],\n",
    "                  [0, -1,  0,     -W2,        0,       0],\n",
    "                  [0,  0,  1,       0,        0,       0]]).T\n",
    "\n",
    "M = np.array([[-1, 0,  0, L1 + L2],\n",
    "              [ 0, 0,  1, W1 + W2],\n",
    "              [ 0, 1,  0, H1 - H2],\n",
    "              [ 0, 0,  0,       1]])\n",
    "\n",
    "T = np.array([[0.7071, 0,  0.7071, -0.3],\n",
    "              [0.7071, 0, -0.7071, -0.5],\n",
    "              [     0, 1,       0,  0.5],\n",
    "              [     0, 0,       0,    1]])\n",
    " \n",
    "#first guess never converges\n",
    "thetalist01 = np.array([0, 0, 0, 0, 0, 0])\n",
    "#second guess converges in 3 \n",
    "thetalist0 = np.array([-5, 3, -5, -1, 2.5, 2.6]) \n",
    "eomg = 0.001\n",
    "ev = 0.0001      \n",
    "\n",
    "#Easier evaluation would be using the equality operator but precision issues render the first half of the code dissimilar.\n",
    "# print(IKinBody(Blist, M, T, thetalist0, eomg, ev))\n",
    "e, a, b, c = IKinBodyIterates(Blist, M, T, thetalist0, eomg, ev)\n",
    "\n",
    "print(\"\\n\\n\\rStart of the new guess.\\n\\n\\r\")\n",
    "\n",
    "\n",
    "e01, a01, b01, c01 = IKinBodyIterates(Blist, M, T, thetalist01, eomg, ev)\n"
   ]
  },
  {
   "cell_type": "code",
   "execution_count": 21,
   "metadata": {},
   "outputs": [],
   "source": [
    "%matplotlib qt\n",
    "\n",
    "#We have an array of theta variables as the function iterates. Create a position matrix.\n",
    "posMat = np.zeros((a.shape[0],3))\n",
    "posMat1 = np.zeros((a01.shape[0],3))\n",
    "\n",
    "\n",
    "#Find the SE(3) matrix for each angle position. \n",
    "for i in range(a.shape[0]):\n",
    "\n",
    "    #get the current T from the forward kinematics\n",
    "    currT = mr.FKinBody(M, Blist, a[i, :])\n",
    "\n",
    "    #extract the x,y,z position from the T\n",
    "    posMat[i,:] = currT[0:3,-1]\n",
    "\n",
    "#Find the SE(3) matrix for each angle position. \n",
    "for i in range(a01.shape[0]):\n",
    "\n",
    "    #get the current T from the forward kinematics\n",
    "    currT1 = mr.FKinBody(M, Blist, a01[i, :])\n",
    "\n",
    "    #extract the x,y,z position from the T\n",
    "    posMat1[i,:] = currT1[0:3,-1]\n",
    "\n",
    "#Plot the position matrix of the short matrix.\n",
    "ax = plt.figure().add_subplot(projection='3d')\n",
    "\n",
    "#Plot the x,y,z positions of the arm as it moves.\n",
    "ax.plot(posMat[:,0],posMat[:,1],posMat[:,2], label=\"Short\")\n",
    "ax.plot(posMat1[:,0],posMat1[:,1],posMat1[:,2], label=\"Long\")\n",
    "\n",
    "#plot the start and end positions as points. \n",
    "ax.plot(posMat[0,0],posMat[0,1],posMat[0,2], color=\"blue\", marker = \"v\", label= \"Start\")\n",
    "ax.plot(posMat1[0,0],posMat1[0,1],posMat1[0,2], color=\"darkorange\", marker = \"v\", label= \"Start\")\n",
    "\n",
    "ax.plot(posMat[-1,0],posMat[-1,1],posMat[-1,2], color=\"blue\", marker = \"*\", label= \"End\")\n",
    "ax.plot(posMat1[-1,0],posMat1[-1,1],posMat1[-1,2], color=\"darkorange\", marker = \"*\", label= \"End\")\n",
    "\n",
    "ax.legend()\n",
    "\n",
    "#Set some axis titles \n",
    "ax.set_xlabel('X (m)')\n",
    "ax.set_ylabel('Y (m)')\n",
    "ax.set_zlabel('Z (m)')\n",
    "ax.set_title('Initial Guess to Convergence')\n",
    "\n",
    "plt.show()\n"
   ]
  },
  {
   "cell_type": "code",
   "execution_count": 41,
   "metadata": {},
   "outputs": [],
   "source": [
    "#Create another graph for the linear and angular error as a function of iteration times. \n",
    "fig, axs = plt.subplots(1,2)\n",
    "axs[0].set_title(\"Angular Error\")\n",
    "axs[1].set_title( \"Linear Error\")\n",
    "\n",
    "axs[0].set_xlabel(\"Iterations\")\n",
    "axs[1].set_xlabel(\"Iterations\")\n",
    "\n",
    "axs[0].set_ylabel(\"Error\")\n",
    "axs[1].set_ylabel(\"Error\")\n",
    "\n",
    "axs[0].plot(e[:,0]  , color=\"crimson\")\n",
    "axs[1].plot(e[:,1], color=\"crimson\")\n",
    "\n",
    "axs[0].plot(e01[:, 0]  , color=\"blueviolet\")\n",
    "axs[1].plot(e01[:, 1], color=\"blueviolet\")\n",
    "\n",
    "\n",
    "plt.show()"
   ]
  }
 ],
 "metadata": {
  "kernelspec": {
   "display_name": "IRS_Virtual",
   "language": "python",
   "name": "irs_virtual"
  },
  "language_info": {
   "codemirror_mode": {
    "name": "ipython",
    "version": 3
   },
   "file_extension": ".py",
   "mimetype": "text/x-python",
   "name": "python",
   "nbconvert_exporter": "python",
   "pygments_lexer": "ipython3",
   "version": "3.10.4"
  }
 },
 "nbformat": 4,
 "nbformat_minor": 2
}
